sprite1,0,0,64,61
sprite2,65,0,62,62
sprite3,128,0,62,62
sprite4,191,0,31,30
sprite5,223,0,13,128
sprite6,237,0,12,128
sprite7,250,0,8,14
sprite8,250,15,8,14
sprite9,250,30,8,14
sprite10,191,31,31,30
sprite11,250,45,8,14
sprite12,250,60,8,14
sprite13,0,62,62,62
sprite14,191,62,31,30
sprite15,65,63,31,30
sprite16,97,63,29,29
sprite17,128,63,62,62
sprite18,250,75,8,14
sprite19,250,90,8,14
sprite20,191,93,31,30
sprite21,65,94,31,30
sprite22,97,94,30,30
sprite23,250,105,8,14
sprite24,191,124,27,31
sprite25,0,125,62,62
sprite26,63,125,62,62
sprite27,126,125,1,5
sprite28,128,126,31,30
sprite29,160,126,27,30
sprite30,223,129,13,28
sprite31,237,129,10,70
sprite32,191,156,27,30
sprite33,128,157,31,30
sprite34,160,157,27,30
sprite35,223,158,13,13
sprite36,223,172,13,13
sprite37,223,186,9,14
sprite38,191,187,26,29
sprite39,0,188,62,62
sprite40,63,188,31,30
sprite41,95,188,31,30
sprite42,127,188,31,30
sprite43,159,188,31,30
sprite44,237,200,8,14
sprite45,223,201,9,14
sprite46,237,215,8,14
sprite47,223,216,9,14
sprite48,191,217,18,20
sprite49,210,217,9,14
sprite50,63,219,31,30
sprite51,95,219,31,30
sprite52,127,219,31,30
sprite53,159,219,31,30
sprite54,237,230,8,14
sprite55,223,231,9,14